2 100
3 400
4 783
5 1266
6 1806
7 2396
8 3045
9 3774
10 4513
11 5237
12 6045
13 6943
14 7836
15 8736
16 9709
17 10527
18 11394
19 12356
20 13424
21 14529
22 15524
23 16592
24 17814
25 18793
26 19989
27 21085
28 22576
29 23807
30 25046
31 26295
32 27845
33 28927
34 30292
35 31731
36 33100
37 34623
38 35684
39 37297
40 38623
41 40193
42 41262
43 42502
44 44180
45 46207
46 47585
47 48931
48 50417
49 51843
50 53075
51 54244
52 55425
53 56791
54 58084
55 59442
56 60801
57 62184
58 63751
59 65477
60 66944
61 68123
62 69930
63 71247
64 72605
65 74198
66 75900
67 77414
68 79006
69 80498
70 81875
71 83229
72 84972
73 86500
74 87872
75 89740
76 91576
77 93150
78 96251
79 97783
80 100614
81 102082
82 104630
83 106209
84 107676
85 109326
86 110931
87 112386
88 114254
89 117685
90 119661
91 121229
92 122761
93 124307
94 125866
95 127701
96 129122
97 130883
98 132413
99 134448
100 136024
101 138583
102 140190
103 141763
104 143343
105 144995
106 146543
107 148074
108 149734
109 151820
110 153188
111 154782
112 156769
113 158564
114 160017
115 161773
116 164560
117 166445
118 168352
119 170054
120 173350
121 175238
122 176716
123 178496
124 180983
125 184140
126 185713
127 187387
128 189201
129 191864
130 193479
131 196137
132 197868
133 199987
134 202534
135 204799
136 207827
137 209872
138 213906
139 215671
140 217516
141 219052
142 221422
143 223454
144 225194
145 227081
146 230747
147 232698
148 234626
149 236901
150 238426
151 241225
152 243301
153 245009
154 246797
155 248471
156 250482
157 252614
158 254312
159 255966
160 258653
161 260458
162 262680
163 264214
164 267027
165 268843
166 271687
167 273878
168 275765
169 277600
170 279410
171 283713
172 285350
173 286761
174 288637
175 290334
176 292776
177 294532
178 296190
179 297896
180 299918
181 302627
182 304405
183 306187
184 307850
185 310387
186 312195
187 314006
188 315844
189 317635
190 319309
191 324654
192 328237
193 329841
194 332018
195 334244
196 336794
197 338801
198 340656
199 342376
200 344032
201 346007
202 348475
203 350019
204 351855
205 353794
206 355678
207 358613
208 360314
209 361942
210 363803
211 365691
212 367605
213 370156
214 373151
215 375472
216 377253
217 378985
218 380891
219 382893
220 384786
221 387168
222 388861
223 390578
224 393395
225 396253
226 398443
227 400437
228 402319
229 404432
230 407379
231 414977
232 417082
233 419375
234 422593
235 424967
236 426852
237 429067
238 430765
239 432604
240 434635
241 437611
242 440612
243 442162
244 443885
245 445711
246 447695
247 449668
248 451884
249 455611
250 457656
251 459780
252 461627
253 463924
254 467265
255 472290
256 475273
257 477889
258 480394
259 482460
260 484369
261 487184
262 494043
263 496364
264 499727
265 502064
266 504814
267 507751
268 510736
269 513313
270 515815
271 518123
272 521472
273 523407
274 525462
275 531233
276 533313
277 535148
278 537516
279 539587
280 541762
281 543688
282 546445
283 550149
284 552599
285 555259
286 557227
287 559118
288 561288
289 564599
290 568330
291 570392
292 572614
293 574977
294 577145
295 580449
296 582420
297 584534
298 587989
299 590007
300 592325
301 597667
302 600025
303 602008
304 604012
305 606664
306 608764
307 611892
308 614314
309 616290
310 619297
311 621462
312 623386
313 625418
314 627494
315 629879
316 632160
317 634774
318 637575
319 639769
320 641703
321 644247
322 646478
323 649913
324 652173
325 654284
326 656479
327 658377
328 661490
329 665014
330 667786
331 669815
332 672133
333 674325
334 676671
335 679092
336 681145
337 683670
338 685907
339 687979
340 690079
341 692237
342 695233
343 698745
344 701088
345 703621
346 706587
347 709308
348 711422
349 713641
350 718717
351 720880
352 723189
353 725473
354 727884
355 735224
356 738872
357 741014
358 743370
359 745373
360 749333
361 751707
362 754635
363 756724
364 760205
365 763926
366 766570
367 770220
368 772455
369 780405
370 782826
371 785782
372 787956
373 789899
374 792237
375 795559
376 797568
377 799902
378 802010
379 804247
380 806916
381 809462
382 811826
383 814002
384 816369
385 818701
386 820993
387 823254
388 825475
389 829193
390 835988
391 840211
392 842804
393 847008
394 849293
395 853131
396 855428
397 857667
398 859888
399 862740
400 866964
401 869980
402 872239
403 875504
404 877584
405 880800
406 883602
407 887180
408 890510
409 893846
410 896220
411 898598
412 901991
413 905542
414 907760
415 910080
416 912865
417 915131
418 917399
419 919519
420 921717
421 923973
422 926390
423 929832
424 932512
425 934832
426 937161
427 939309
428 942811
429 946789
430 949121
431 951461
432 953657
433 955723
434 958387
435 961386
436 963769
437 966111
438 968987
439 971190
440 973552
441 977257
442 979815
443 984187
444 986163
445 988688
446 991102
447 994639
448 996647
449 998905
450 1002861
451 1006220
452 1008526
453 1011344
454 1016614
455 1022049
456 1029816
457 1032768
458 1035029
459 1038107
460 1040817
461 1043818
462 1046215
463 1050572
464 1055380
465 1057810
466 1060310
467 1063883
468 1066769
469 1070311
470 1073068
471 1076600
472 1079332
473 1081697
474 1083905
475 1087600
476 1090695
477 1092964
478 1095465
479 1098172
480 1100214
481 1102975
482 1106947
483 1109641
484 1113297
485 1117185
486 1122204
487 1124125
488 1126571
489 1129447
490 1131638
491 1135413
492 1139494
493 1142062
494 1152001
495 1155767
496 1158107
497 1160549
498 1163008
499 1166511
500 1168817
501 1171592