0 1
0 2
0 3
0 4
0 5
0 6
0 7
0 8
0 9
0 10
0 11
0 12
0 13
0 14
0 15
0 16
0 17
0 18
0 19
0 20
0 21
0 22
0 23
0 24
0 25
0 26
0 27
0 28
0 29
0 30
0 31
0 32
0 33
0 34
0 35
0 36
0 37
0 38
0 39
0 40
0 41
0 42
0 43
0 44
0 45
0 46
0 47
0 48
0 49
0 50
0 51
0 52
0 53
0 54
0 55
0 56
0 57
0 58
0 59
0 60
0 61
0 62
0 63
0 64
0 65
0 66
0 67
0 68
0 69
0 70
0 71
0 72
0 73
0 74
0 75
0 76
0 77
0 78
0 79
0 80
0 81
0 82
0 83
0 84
0 85
0 86
0 87
0 88
0 89
0 90
0 91
0 92
0 93
0 94
0 95
0 96
0 97
0 98
0 99
0 100
0 101
0 102
0 103
0 104
0 105
0 106
0 107
0 108
0 109
0 110
0 111
0 112
0 113
0 114
0 115
0 116
0 117
0 118
0 119
0 120
0 121
0 122
0 123
0 124
0 125
0 126
0 127
0 128
0 129
0 130
0 131
0 132
0 133
0 134
0 135
0 136
0 137
0 138
0 139
0 140
0 141
0 142
0 143
0 144
0 145
0 146
0 147
0 148
0 149
0 150
0 151
0 152
0 153
0 154
0 155
0 156
0 157
0 158
0 159
0 160
0 161
0 162
0 163
0 164
0 165
0 166
0 167
0 168
0 169
0 170
0 171
0 172
0 173
0 174
0 175
0 176
0 177
0 178
0 179
0 180
0 181
0 182
0 183
0 184
0 185
0 186
0 187
0 188
0 189
0 190
0 191
0 192
0 194
0 195
0 196
0 197
0 198
0 199
0 200
1 3
1 9
1 12
1 21
1 23
1 25
1 26
1 31
1 33
1 34
1 35
1 36
1 43
1 50
1 51
1 54
1 55
1 56
1 58
1 59
1 61
1 64
1 67
1 68
1 70
1 71
1 72
1 74
1 75
1 76
1 78
1 79
1 80
1 82
1 84
1 86
1 87
1 88
1 90
1 91
1 93
1 94
1 96
1 97
1 98
1 99
1 100
1 102
1 105
1 106
1 109
1 110
1 111
1 112
1 113
1 114
1 115
1 116
1 118
1 119
1 120
1 121
1 122
1 124
1 126
1 127
1 128
1 133
1 134
1 135
1 136
1 137
1 139
1 140
1 142
1 143
1 145
1 147
1 148
1 149
1 151
1 152
1 155
1 158
1 159
1 160
1 161
1 163
1 165
1 166
1 167
1 168
1 171
1 172
1 173
1 174
1 176
1 177
1 178
1 179
1 180
1 181
1 185
1 186
1 187
1 188
1 190
1 192
1 193
1 194
1 195
1 196
1 197
1 198
1 199
1 200
2 4
2 8
2 12
2 13
2 14
2 16
2 20
2 21
2 22
2 23
2 24
2 26
2 27
2 28
2 29
2 30
2 31
2 33
2 36
2 37
2 38
2 39
2 40
2 42
2 43
2 44
2 45
2 46
2 47
2 48
2 49
2 50
2 51
2 52
2 53
2 54
2 55
2 56
2 57
2 59
2 60
2 61
2 62
2 64
2 65
2 66
2 67
2 68
2 69
2 70
2 71
2 72
2 73
2 75
2 76
2 77
2 78
2 80
2 81
2 82
2 83
2 84
2 85
2 88
2 89
2 91
2 92
2 93
2 94
2 95
2 97
2 99
2 100
2 101
2 102
2 103
2 104
2 105
2 106
2 107
2 108
2 109
2 111
2 113
2 114
2 115
2 116
2 117
2 118
2 119
2 120
2 121
2 122
2 123
2 124
2 125
2 126
2 127
2 129
2 130
2 131
2 132
2 134
2 135
2 136
2 137
2 138
2 139
2 140
2 141
2 142
2 143
2 144
2 145
2 146
2 147
2 148
2 149
2 150
2 151
2 152
2 153
2 154
2 155
2 156
2 157
2 158
2 159
2 160
2 161
2 162
2 164
2 166
2 167
2 168
2 169
2 170
2 171
2 174
2 175
2 176
2 177
2 178
2 179
2 180
2 182
2 183
2 184
2 185
2 187
2 188
2 189
2 190
2 191
2 194
2 196
2 197
2 198
2 199
3 7
3 10
3 11
3 13
3 19
3 20
3 21
3 23
3 26
3 27
3 29
3 32
3 34
3 37
3 38
3 39
3 40
3 41
3 42
3 43
3 44
3 45
3 46
3 47
3 48
3 49
3 51
3 52
3 54
3 56
3 57
3 58
3 62
3 63
3 66
3 67
3 68
3 69
3 72
3 73
3 74
3 75
3 76
3 78
3 79
3 80
3 81
3 83
3 84
3 85
3 87
3 88
3 89
3 90
3 92
3 93
3 94
3 95
3 96
3 97
3 99
3 100
3 101
3 102
3 103
3 104
3 105
3 107
3 108
3 109
3 111
3 112
3 113
3 115
3 116
3 119
3 120
3 122
3 123
3 124
3 125
3 126
3 129
3 130
3 131
3 133
3 134
3 136
3 137
3 138
3 139
3 140
3 141
3 142
3 143
3 145
3 146
3 149
3 150
3 152
3 153
3 154
3 155
3 156
3 157
3 158
3 159
3 161
3 163
3 165
3 167
3 168
3 169
3 170
3 171
3 172
3 174
3 175
3 176
3 177
3 178
3 179
3 180
3 181
3 182
3 183
3 184
3 185
3 186
3 187
3 188
3 189
3 190
3 191
3 192
3 193
3 194
3 195
3 197
3 198
3 200
4 35
4 40
4 48
4 53
4 58
4 68
4 85
4 90
4 99
4 100
4 141
4 150
4 162
4 183
4 194
5 6
5 13
5 15
5 17
5 18
5 25
5 29
5 30
5 32
5 33
5 38
5 39
5 40
5 41
5 43
5 45
5 46
5 47
5 48
5 49
5 51
5 52
5 53
5 54
5 55
5 58
5 61
5 63
5 64
5 65
5 66
5 67
5 68
5 69
5 70
5 72
5 73
5 75
5 77
5 78
5 79
5 80
5 81
5 83
5 84
5 86
5 87
5 88
5 90
5 92
5 93
5 94
5 96
5 97
5 98
5 100
5 102
5 103
5 106
5 107
5 108
5 112
5 113
5 116
5 117
5 118
5 119
5 120
5 121
5 122
5 123
5 127
5 128
5 131
5 133
5 134
5 135
5 138
5 139
5 140
5 142
5 143
5 144
5 146
5 147
5 148
5 150
5 151
5 152
5 153
5 158
5 161
5 162
5 163
5 164
5 165
5 167
5 168
5 170
5 171
5 173
5 175
5 179
5 181
5 182
5 183
5 184
5 186
5 188
5 189
5 190
5 191
5 192
5 193
5 195
5 196
5 197
5 199
5 200
6 8
6 19
6 20
6 37
6 38
6 41
6 53
6 54
6 55
6 56
6 61
6 63
6 65
6 70
6 83
6 86
6 98
6 102
6 110
6 112
6 118
6 122
6 125
6 134
6 146
6 150
6 151
6 154
6 158
6 162
6 164
6 171
6 172
6 173
6 178
6 182
6 186
6 189
6 194
6 196
7 56
7 90
7 175
8 20
8 53
8 54
8 83
8 86
8 87
8 110
8 112
8 113
8 125
8 128
8 141
8 151
8 156
8 158
8 162
8 164
8 183
8 196
9 19
9 35
9 37
9 40
9 74
9 75
10 11
10 12
10 19
10 21
10 23
10 26
10 32
10 37
10 51
10 61
10 70
10 85
10 99
10 111
10 133
10 152
10 164
10 172
10 178
10 181
10 192
11 14
11 33
11 34
11 38
11 56
11 79
11 90
11 117
11 130
11 147
11 152
11 161
11 185
11 196
12 13
12 16
12 18
12 20
12 21
12 23
12 25
12 26
12 31
12 32
12 33
12 39
12 42
12 44
12 48
12 50
12 52
12 53
12 58
12 59
12 60
12 63
12 64
12 65
12 66
12 71
12 74
12 76
12 80
12 81
12 85
12 86
12 89
12 95
12 97
12 98
12 102
12 103
12 109
12 110
12 111
12 112
12 114
12 115
12 117
12 119
12 120
12 122
12 123
12 124
12 128
12 129
12 131
12 132
12 135
12 138
12 141
12 144
12 145
12 146
12 147
12 149
12 151
12 152
12 155
12 156
12 157
12 158
12 159
12 160
12 162
12 163
12 164
12 165
12 166
12 169
12 171
12 172
12 173
12 174
12 175
12 176
12 178
12 180
12 181
12 183
12 185
12 187
12 191
12 192
12 193
12 194
12 195
12 196
12 198
12 199
12 200
13 17
13 22
13 23
13 26
13 27
13 34
13 40
13 45
13 47
13 49
13 53
13 59
13 60
13 64
13 71
13 78
13 89
13 90
13 95
13 98
13 103
13 106
13 108
13 114
13 115
13 118
13 124
13 125
13 126
13 127
13 133
13 148
13 156
13 159
13 160
13 163
13 165
13 170
13 173
13 174
13 182
13 184
13 189
14 22
14 35
14 45
14 53
14 73
14 122
14 169
14 178
14 198
15 29
15 43
15 170
15 178
15 189
16 50
16 194
17 127
18 25
18 39
18 62
18 79
18 175
19 21
19 23
19 24
19 26
19 28
19 34
19 35
19 57
19 60
19 62
19 65
19 72
19 75
19 79
19 80
19 85
19 86
19 87
19 92
19 93
19 96
19 98
19 101
19 107
19 110
19 112
19 121
19 124
19 127
19 128
19 133
19 144
19 152
19 158
19 159
19 160
19 169
19 170
19 172
19 173
19 175
19 178
19 181
19 182
19 183
19 188
19 189
19 196
20 21
20 41
20 47
20 53
20 58
20 63
20 71
20 86
20 94
20 95
20 96
20 110
20 111
20 112
20 114
20 118
20 138
20 142
20 150
20 162
20 164
20 183
21 23
21 36
21 55
21 102
21 115
21 117
21 132
21 136
21 137
21 149
21 157
21 166
21 171
21 172
21 173
21 193
22 40
22 86
22 110
23 24
23 26
23 49
23 53
23 60
23 93
23 100
23 115
23 173
23 186
23 193
23 195
24 53
25 28
25 33
25 51
25 72
25 73
25 74
25 117
25 151
25 193
26 27
26 108
26 172
27 40
27 108
28 57
28 72
28 101
28 109
28 157
29 34
29 46
29 48
29 55
29 61
29 71
29 73
29 79
29 84
29 100
29 102
29 130
29 131
29 137
29 143
29 153
29 155
29 170
29 171
29 182
29 183
29 187
29 189
31 80
31 155
32 42
32 58
32 183
32 192
32 193
33 97
33 117
33 195
35 45
35 46
35 48
35 55
35 62
35 74
35 75
35 79
35 98
35 102
35 171
35 173
35 178
35 193
35 195
36 55
36 149
37 53
37 67
37 74
37 86
37 93
37 99
37 100
37 110
37 118
37 132
37 180
37 181
38 41
38 65
38 118
38 132
38 162
38 180
38 186
39 104
39 114
40 48
40 64
40 74
40 75
40 84
40 89
40 95
40 108
40 125
40 163
40 200
41 94
41 150
41 186
42 78
43 91
43 98
43 100
43 105
43 110
43 126
43 132
43 141
43 142
43 149
43 165
43 170
43 173
43 176
43 182
43 186
43 189
44 66
44 89
45 92
45 98
46 52
46 130
47 113
47 122
48 69
48 74
48 98
48 131
49 62
49 79
49 108
49 139
49 193
50 89
50 109
50 135
50 145
50 193
50 194
51 58
51 85
51 193
52 53
53 54
53 61
53 64
53 65
53 73
53 83
53 86
53 110
53 111
53 112
53 118
53 128
53 132
53 138
53 162
53 167
53 180
53 200
54 61
54 73
54 76
54 86
54 87
54 88
54 110
54 146
54 167
55 90
55 102
55 115
55 134
55 137
55 143
55 157
55 167
55 171
55 184
55 195
56 67
56 68
56 71
56 90
56 118
56 127
56 161
56 198
58 96
58 145
58 183
58 193
58 195
58 198
59 71
60 124
60 160
61 130
61 193
62 71
62 79
62 139
62 172
64 147
64 200
65 77
67 93
70 181
72 101
72 116
72 132
72 180
75 84
75 125
76 82
76 106
76 129
76 141
76 146
76 148
76 174
79 190
80 119
80 155
81 103
82 106
83 154
85 89
86 100
86 110
86 112
86 120
86 128
87 164
87 176
89 95
89 135
89 156
90 102
90 109
90 148
90 184
92 107
94 138
94 150
96 133
96 173
96 193
99 100
100 163
100 179
100 189
101 121
102 134
103 123
103 173
104 197
105 126
105 159
106 148
109 135
110 118
110 138
110 172
110 176
110 193
110 195
113 158
114 199
115 136
115 157
116 168
117 151
120 163
121 144
123 169
126 142
127 132
127 157
129 141
132 180
133 188
134 190
136 140
136 165
137 143
140 161
140 165
145 198
148 174
149 189
150 186
151 196
155 185
155 187
157 184
159 177
160 175
170 182
172 178
183 191
183 192
183 193
193 195
