0 1
0 2
0 3
0 4
0 5
0 6
0 7
0 8
0 9
0 10
0 11
0 12
0 13
0 14
0 15
0 16
0 17
0 18
0 19
0 20
0 21
0 22
0 23
0 24
0 25
0 26
0 27
0 28
0 29
0 30
0 31
0 32
0 33
0 34
0 35
0 36
0 37
0 38
0 39
0 40
0 41
0 42
0 43
0 44
0 45
0 46
0 47
0 48
0 49
0 50
0 51
0 52
0 53
0 54
0 55
0 56
0 57
0 58
0 59
0 60
0 61
0 62
0 63
0 64
0 65
0 66
0 67
0 68
0 69
0 70
0 71
0 72
0 73
0 74
0 75
0 76
0 77
0 78
0 79
0 80
0 81
0 82
0 83
0 84
0 85
0 86
0 87
0 88
0 89
0 90
0 91
0 92
0 93
0 94
0 95
0 96
0 97
0 98
0 99
0 100
0 101
0 102
0 103
0 104
0 105
0 106
0 107
0 108
0 109
0 110
0 111
0 112
0 113
0 114
0 115
0 116
0 117
0 118
0 119
0 120
0 121
0 122
0 123
0 124
0 125
0 126
0 127
0 128
0 129
0 130
0 131
0 132
0 133
0 134
0 135
0 136
0 137
0 138
0 139
0 140
0 141
0 142
0 143
0 144
0 145
0 146
0 147
0 148
0 149
0 150
0 151
0 152
0 153
0 154
0 155
0 156
0 157
0 158
0 159
0 160
0 161
0 162
0 163
0 164
0 165
0 166
0 167
0 168
0 169
0 170
0 171
0 172
0 173
0 174
0 175
0 176
0 177
0 178
0 179
0 180
0 181
0 182
0 183
0 184
0 185
0 186
0 187
0 188
0 189
0 190
0 191
0 192
0 194
0 195
0 196
0 197
0 198
0 199
0 200
0 201
0 202
0 203
0 204
0 205
0 206
0 207
0 208
0 209
0 210
0 211
0 212
0 213
0 214
0 215
0 216
0 217
0 218
0 219
0 220
0 221
0 222
0 223
0 224
0 225
0 226
0 227
0 228
0 229
0 230
0 231
0 232
0 233
0 234
0 235
0 236
0 237
0 238
0 239
0 240
0 241
0 242
0 243
0 244
0 245
0 246
0 247
0 248
0 249
0 250
0 251
0 252
0 253
0 254
0 255
0 256
0 257
0 258
0 260
0 261
0 262
0 263
0 264
0 265
0 266
0 267
0 268
0 269
0 270
0 271
0 273
0 274
0 275
0 276
0 277
0 278
0 279
0 280
0 281
0 282
0 283
0 284
0 285
0 286
0 287
0 288
0 289
0 290
0 291
0 292
0 293
0 294
0 295
0 296
0 297
0 298
0 299
0 300
0 301
0 302
0 303
0 304
0 305
0 306
0 307
0 308
0 309
0 310
0 311
0 312
0 313
0 314
0 315
0 316
0 317
0 318
0 319
0 320
0 321
0 322
0 323
0 324
0 325
0 326
0 327
0 328
0 329
0 330
0 331
0 332
0 333
0 334
0 335
0 336
0 337
0 338
0 339
0 340
0 341
0 342
0 343
0 344
0 345
0 347
0 348
0 349
0 350
0 351
0 352
0 353
0 354
0 356
0 357
0 358
0 359
0 360
0 361
0 362
0 363
0 364
0 365
0 366
0 367
0 368
0 369
0 370
0 371
0 372
0 373
0 374
0 375
0 376
0 377
0 378
0 379
0 380
0 381
0 382
0 383
0 384
0 385
0 386
0 387
0 388
0 390
0 392
0 393
0 394
0 396
0 397
0 398
0 399
0 400
1 3
1 9
1 12
1 21
1 23
1 25
1 26
1 31
1 33
1 34
1 35
1 36
1 43
1 50
1 51
1 54
1 55
1 56
1 58
1 59
1 61
1 64
1 67
1 68
1 70
1 71
1 72
1 74
1 75
1 76
1 78
1 79
1 80
1 82
1 84
1 86
1 87
1 88
1 90
1 91
1 93
1 94
1 96
1 97
1 98
1 99
1 100
1 102
1 105
1 106
1 109
1 110
1 111
1 112
1 113
1 114
1 115
1 116
1 118
1 119
1 120
1 121
1 122
1 124
1 126
1 127
1 128
1 133
1 134
1 135
1 136
1 137
1 139
1 140
1 142
1 143
1 145
1 147
1 148
1 149
1 151
1 152
1 155
1 158
1 159
1 160
1 161
1 163
1 165
1 166
1 167
1 168
1 171
1 172
1 173
1 174
1 176
1 177
1 178
1 179
1 180
1 181
1 185
1 186
1 187
1 188
1 190
1 192
1 193
1 194
1 195
1 196
1 197
1 198
1 199
1 200
1 201
1 202
1 203
1 205
1 207
1 208
1 209
1 210
1 211
1 212
1 213
1 214
1 215
1 217
1 218
1 219
1 221
1 222
1 224
1 225
1 226
1 228
1 229
1 231
1 232
1 233
1 234
1 235
1 237
1 239
1 241
1 242
1 243
1 244
1 247
1 248
1 250
1 251
1 252
1 254
1 256
1 257
1 258
1 260
1 261
1 262
1 263
1 264
1 265
1 266
1 267
1 268
1 269
1 270
1 272
1 273
1 274
1 275
1 276
1 277
1 280
1 281
1 282
1 283
1 284
1 285
1 286
1 287
1 288
1 289
1 291
1 292
1 294
1 296
1 297
1 298
1 299
1 300
1 301
1 302
1 303
1 304
1 305
1 306
1 307
1 309
1 310
1 311
1 312
1 313
1 314
1 315
1 317
1 318
1 319
1 320
1 321
1 322
1 323
1 324
1 325
1 327
1 328
1 329
1 330
1 331
1 332
1 333
1 337
1 338
1 339
1 340
1 341
1 342
1 343
1 344
1 345
1 348
1 349
1 350
1 352
1 353
1 354
1 355
1 356
1 357
1 359
1 360
1 361
1 362
1 363
1 364
1 365
1 366
1 367
1 368
1 369
1 370
1 371
1 372
1 373
1 374
1 375
1 376
1 378
1 379
1 380
1 381
1 382
1 383
1 385
1 386
1 387
1 388
1 389
1 390
1 391
1 392
1 393
1 394
1 395
1 396
1 397
1 398
1 399
1 400
2 4
2 8
2 12
2 13
2 14
2 16
2 20
2 21
2 22
2 23
2 24
2 26
2 27
2 28
2 29
2 30
2 31
2 33
2 36
2 37
2 38
2 39
2 40
2 42
2 43
2 44
2 45
2 46
2 47
2 48
2 49
2 50
2 51
2 52
2 53
2 54
2 55
2 56
2 57
2 59
2 60
2 61
2 62
2 64
2 65
2 66
2 67
2 68
2 69
2 70
2 71
2 72
2 73
2 75
2 76
2 77
2 78
2 80
2 81
2 82
2 83
2 84
2 85
2 88
2 89
2 91
2 92
2 93
2 94
2 95
2 97
2 99
2 100
2 101
2 102
2 103
2 104
2 105
2 106
2 107
2 108
2 109
2 111
2 113
2 114
2 115
2 116
2 117
2 118
2 119
2 120
2 121
2 122
2 123
2 124
2 125
2 126
2 127
2 129
2 130
2 131
2 132
2 134
2 135
2 136
2 137
2 138
2 139
2 140
2 141
2 142
2 143
2 144
2 145
2 146
2 147
2 148
2 149
2 150
2 151
2 152
2 153
2 154
2 155
2 156
2 157
2 158
2 159
2 160
2 161
2 162
2 164
2 166
2 167
2 168
2 169
2 170
2 171
2 174
2 175
2 176
2 177
2 178
2 179
2 180
2 182
2 183
2 184
2 185
2 187
2 188
2 189
2 190
2 191
2 194
2 196
2 197
2 198
2 199
2 201
2 202
2 203
2 204
2 206
2 207
2 208
2 209
2 210
2 211
2 212
2 213
2 214
2 215
2 216
2 217
2 218
2 219
2 221
2 222
2 223
2 224
2 226
2 227
2 229
2 230
2 231
2 232
2 233
2 234
2 235
2 236
2 237
2 238
2 239
2 240
2 241
2 242
2 243
2 245
2 246
2 247
2 248
2 250
2 251
2 252
2 253
2 254
2 255
2 256
2 257
2 258
2 259
2 260
2 262
2 263
2 264
2 265
2 266
2 267
2 268
2 269
2 270
2 271
2 273
2 274
2 275
2 276
2 277
2 278
2 279
2 281
2 282
2 283
2 284
2 285
2 286
2 287
2 288
2 290
2 291
2 292
2 293
2 294
2 296
2 297
2 298
2 299
2 300
2 302
2 303
2 305
2 306
2 307
2 308
2 309
2 310
2 311
2 312
2 313
2 315
2 316
2 317
2 318
2 319
2 320
2 321
2 322
2 323
2 325
2 326
2 327
2 328
2 329
2 330
2 331
2 332
2 333
2 334
2 336
2 337
2 338
2 339
2 340
2 341
2 342
2 343
2 344
2 345
2 346
2 347
2 348
2 349
2 351
2 352
2 353
2 354
2 355
2 357
2 358
2 359
2 360
2 361
2 362
2 363
2 364
2 365
2 366
2 367
2 368
2 369
2 370
2 371
2 372
2 373
2 375
2 376
2 377
2 379
2 380
2 381
2 383
2 384
2 385
2 386
2 387
2 388
2 390
2 391
2 392
2 393
2 394
2 396
2 397
2 398
2 400
3 7
3 10
3 11
3 13
3 19
3 20
3 21
3 23
3 26
3 27
3 29
3 32
3 34
3 37
3 38
3 39
3 40
3 41
3 42
3 43
3 44
3 45
3 46
3 47
3 48
3 49
3 51
3 52
3 54
3 56
3 57
3 58
3 62
3 63
3 66
3 67
3 68
3 69
3 72
3 73
3 74
3 75
3 76
3 78
3 79
3 80
3 81
3 83
3 84
3 85
3 87
3 88
3 89
3 90
3 92
3 93
3 94
3 95
3 96
3 97
3 99
3 100
3 101
3 102
3 103
3 104
3 105
3 107
3 108
3 109
3 111
3 112
3 113
3 115
3 116
3 119
3 120
3 122
3 123
3 124
3 125
3 126
3 129
3 130
3 131
3 133
3 134
3 136
3 137
3 138
3 139
3 140
3 141
3 142
3 143
3 145
3 146
3 149
3 150
3 152
3 153
3 154
3 155
3 156
3 157
3 158
3 159
3 161
3 163
3 165
3 167
3 168
3 169
3 170
3 171
3 172
3 174
3 175
3 176
3 177
3 178
3 179
3 180
3 181
3 182
3 183
3 184
3 185
3 186
3 187
3 188
3 189
3 190
3 191
3 192
3 193
3 194
3 195
3 197
3 198
3 200
3 201
3 202
3 204
3 205
3 206
3 208
3 210
3 211
3 212
3 213
3 215
3 216
3 218
3 219
3 220
3 221
3 222
3 224
3 225
3 226
3 227
3 228
3 230
3 231
3 232
3 233
3 234
3 236
3 238
3 239
3 240
3 241
3 243
3 244
3 245
3 246
3 247
3 248
3 250
3 251
3 252
3 253
3 254
3 255
3 256
3 257
3 258
3 259
3 260
3 261
3 262
3 263
3 264
3 265
3 266
3 267
3 268
3 269
3 271
3 272
3 273
3 274
3 276
3 277
3 278
3 279
3 280
3 281
3 282
3 283
3 284
3 285
3 286
3 287
3 288
3 292
3 293
3 294
3 295
3 296
3 297
3 298
3 301
3 302
3 303
3 304
3 305
3 307
3 308
3 309
3 310
3 313
3 314
3 315
3 316
3 317
3 318
3 319
3 320
3 321
3 323
3 324
3 325
3 326
3 327
3 328
3 329
3 330
3 331
3 332
3 333
3 334
3 335
3 336
3 337
3 338
3 339
3 341
3 342
3 343
3 344
3 345
3 346
3 348
3 349
3 350
3 351
3 353
3 355
3 356
3 357
3 358
3 359
3 360
3 361
3 362
3 363
3 364
3 365
3 366
3 367
3 368
3 369
3 370
3 372
3 373
3 374
3 375
3 376
3 377
3 378
3 380
3 381
3 382
3 383
3 384
3 385
3 386
3 387
3 389
3 390
3 391
3 392
3 393
3 394
3 395
3 396
3 397
3 398
3 399
3 400
4 35
4 40
4 48
4 53
4 58
4 68
4 85
4 90
4 99
4 100
4 141
4 150
4 162
4 183
4 194
4 203
4 216
4 236
4 237
4 238
4 249
4 251
4 267
4 275
4 278
4 289
4 290
4 306
4 308
4 311
4 312
4 316
4 319
4 321
4 323
4 324
4 326
4 328
4 331
4 346
4 350
4 351
4 356
4 364
4 368
4 372
4 374
4 379
4 384
4 385
4 386
4 390
4 398
5 6
5 13
5 15
5 17
5 18
5 25
5 29
5 30
5 32
5 33
5 38
5 39
5 40
5 41
5 43
5 45
5 46
5 47
5 48
5 49
5 51
5 52
5 53
5 54
5 55
5 58
5 61
5 63
5 64
5 65
5 66
5 67
5 68
5 69
5 70
5 72
5 73
5 75
5 77
5 78
5 79
5 80
5 81
5 83
5 84
5 86
5 87
5 88
5 90
5 92
5 93
5 94
5 96
5 97
5 98
5 100
5 102
5 103
5 106
5 107
5 108
5 112
5 113
5 116
5 117
5 118
5 119
5 120
5 121
5 122
5 123
5 127
5 128
5 131
5 133
5 134
5 135
5 138
5 139
5 140
5 142
5 143
5 144
5 146
5 147
5 148
5 150
5 151
5 152
5 153
5 158
5 161
5 162
5 163
5 164
5 165
5 167
5 168
5 170
5 171
5 173
5 175
5 179
5 181
5 182
5 183
5 184
5 186
5 188
5 189
5 190
5 191
5 192
5 193
5 195
5 196
5 197
5 199
5 200
5 201
5 205
5 207
5 208
5 209
5 210
5 213
5 214
5 216
5 217
5 218
5 223
5 224
5 225
5 226
5 228
5 229
5 230
5 232
5 233
5 235
5 236
5 237
5 238
5 239
5 240
5 241
5 242
5 243
5 244
5 245
5 246
5 247
5 248
5 249
5 250
5 251
5 252
5 254
5 255
5 256
5 257
5 258
5 259
5 260
5 262
5 263
5 264
5 265
5 266
5 268
5 269
5 271
5 272
5 273
5 274
5 275
5 276
5 277
5 278
5 279
5 280
5 281
5 282
5 283
5 284
5 286
5 287
5 288
5 289
5 291
5 292
5 293
5 294
5 296
5 299
5 300
5 301
5 302
5 304
5 305
5 306
5 307
5 309
5 310
5 311
5 313
5 316
5 317
5 318
5 322
5 324
5 325
5 326
5 327
5 328
5 329
5 330
5 332
5 333
5 334
5 335
5 336
5 337
5 338
5 339
5 343
5 344
5 345
5 346
5 349
5 350
5 352
5 353
5 354
5 355
5 356
5 358
5 359
5 360
5 361
5 362
5 364
5 365
5 366
5 367
5 368
5 369
5 370
5 372
5 373
5 374
5 375
5 377
5 378
5 379
5 380
5 382
5 383
5 384
5 385
5 386
5 388
5 389
5 390
5 393
5 394
5 395
5 396
5 397
5 398
5 399
5 400
6 8
6 19
6 20
6 37
6 38
6 41
6 53
6 54
6 55
6 56
6 61
6 63
6 65
6 70
6 83
6 86
6 98
6 102
6 110
6 112
6 118
6 122
6 125
6 134
6 146
6 150
6 151
6 154
6 158
6 162
6 164
6 171
6 172
6 173
6 178
6 182
6 186
6 189
6 194
6 196
6 201
6 204
6 210
6 213
6 217
6 218
6 229
6 233
6 243
6 244
6 249
6 257
6 259
6 262
6 264
6 267
6 268
6 270
6 273
6 280
6 285
6 289
6 307
6 310
6 312
6 314
6 316
6 326
6 328
6 335
6 337
6 339
6 341
6 345
6 351
6 358
6 363
6 364
6 366
6 375
6 384
6 385
6 388
6 395
6 397
6 399
7 56
7 90
7 175
7 286
7 363
7 376
8 20
8 53
8 54
8 83
8 86
8 87
8 110
8 112
8 113
8 125
8 128
8 141
8 151
8 156
8 158
8 162
8 164
8 183
8 196
8 204
8 218
8 227
8 229
8 239
8 242
8 244
8 263
8 279
8 290
8 296
8 304
8 323
8 327
8 331
8 358
8 371
8 376
9 19
9 35
9 37
9 40
9 74
9 75
9 204
9 249
9 250
9 269
9 271
9 306
9 341
9 355
9 370
9 371
9 391
10 11
10 12
10 19
10 21
10 23
10 26
10 32
10 37
10 51
10 61
10 70
10 85
10 99
10 111
10 133
10 152
10 164
10 172
10 178
10 181
10 192
10 236
10 293
10 295
10 299
10 308
10 311
10 317
10 341
10 352
10 354
10 360
10 362
10 367
10 372
10 374
10 379
10 384
10 388
11 14
11 33
11 34
11 38
11 56
11 79
11 90
11 117
11 130
11 147
11 152
11 161
11 185
11 196
11 214
11 219
11 228
11 239
11 242
11 247
11 258
11 261
11 281
11 284
11 293
11 308
11 312
11 316
11 330
11 339
11 344
11 384
12 13
12 16
12 18
12 20
12 21
12 23
12 25
12 26
12 31
12 32
12 33
12 39
12 42
12 44
12 48
12 50
12 52
12 53
12 58
12 59
12 60
12 63
12 64
12 65
12 66
12 71
12 74
12 76
12 80
12 81
12 85
12 86
12 89
12 95
12 97
12 98
12 102
12 103
12 109
12 110
12 111
12 112
12 114
12 115
12 117
12 119
12 120
12 122
12 123
12 124
12 128
12 129
12 131
12 132
12 135
12 138
12 141
12 144
12 145
12 146
12 147
12 149
12 151
12 152
12 155
12 156
12 157
12 158
12 159
12 160
12 162
12 163
12 164
12 165
12 166
12 169
12 171
12 172
12 173
12 174
12 175
12 176
12 178
12 180
12 181
12 183
12 185
12 187
12 191
12 192
12 193
12 194
12 195
12 196
12 198
12 199
12 200
12 202
12 205
12 206
12 210
12 211
12 212
12 213
12 214
12 216
12 217
12 220
12 221
12 223
12 224
12 225
12 227
12 230
12 231
12 232
12 233
12 234
12 235
12 237
12 238
12 239
12 240
12 242
12 243
12 244
12 245
12 246
12 248
12 249
12 250
12 253
12 254
12 255
12 256
12 257
12 258
12 259
12 261
12 267
12 270
12 272
12 274
12 275
12 279
12 280
12 284
12 285
12 288
12 289
12 290
12 291
12 292
12 295
12 296
12 298
12 300
12 301
12 302
12 303
12 305
12 306
12 307
12 308
12 309
12 312
12 314
12 316
12 320
12 322
12 325
12 332
12 333
12 334
12 335
12 336
12 338
12 339
12 340
12 342
12 346
12 347
12 348
12 349
12 350
12 351
12 354
12 355
12 356
12 357
12 358
12 359
12 360
12 364
12 366
12 368
12 370
12 371
12 374
12 375
12 376
12 377
12 378
12 381
12 382
12 385
12 386
12 388
12 389
12 391
12 392
12 395
12 396
12 397
12 398
12 400
13 17
13 22
13 23
13 26
13 27
13 34
13 40
13 45
13 47
13 49
13 53
13 59
13 60
13 64
13 71
13 78
13 89
13 90
13 95
13 98
13 103
13 106
13 108
13 114
13 115
13 118
13 124
13 125
13 126
13 127
13 133
13 148
13 156
13 159
13 160
13 163
13 165
13 170
13 173
13 174
13 182
13 184
13 189
13 203
13 207
13 210
13 211
13 212
13 216
13 221
13 223
13 226
13 234
13 235
13 237
13 239
13 243
13 248
13 249
13 251
13 255
13 258
13 265
13 268
13 270
13 280
13 281
13 283
13 285
13 293
13 295
13 297
13 298
13 299
13 302
13 304
13 306
13 308
13 311
13 320
13 326
13 327
13 329
13 332
13 337
13 339
13 340
13 345
13 346
13 348
13 349
13 352
13 361
13 363
13 365
13 371
13 376
13 377
13 379
13 381
13 385
13 386
13 387
13 389
13 397
14 22
14 35
14 45
14 53
14 73
14 122
14 169
14 178
14 198
14 233
14 243
14 260
14 261
14 282
14 293
14 316
14 368
15 29
15 43
15 170
15 178
15 189
15 243
16 50
16 194
16 333
17 127
17 268
17 280
18 25
18 39
18 62
18 79
18 175
18 324
18 380
18 384
19 21
19 23
19 24
19 26
19 28
19 34
19 35
19 57
19 60
19 62
19 65
19 72
19 75
19 79
19 80
19 85
19 86
19 87
19 92
19 93
19 96
19 98
19 101
19 107
19 110
19 112
19 121
19 124
19 127
19 128
19 133
19 144
19 152
19 158
19 159
19 160
19 169
19 170
19 172
19 173
19 175
19 178
19 181
19 182
19 183
19 188
19 189
19 196
19 206
19 212
19 214
19 216
19 220
19 221
19 222
19 226
19 233
19 236
19 237
19 241
19 242
19 243
19 244
19 248
19 255
19 258
19 263
19 269
19 270
19 272
19 275
19 290
19 292
19 293
19 295
19 296
19 299
19 304
19 308
19 311
19 312
19 313
19 314
19 315
19 319
19 321
19 323
19 327
19 331
19 333
19 335
19 341
19 342
19 343
19 345
19 347
19 352
19 356
19 360
19 361
19 363
19 365
19 366
19 369
19 370
19 371
19 375
19 379
19 380
19 383
19 384
19 385
19 386
19 388
19 389
19 391
19 393
19 396
19 397
19 398
19 400
20 21
20 41
20 47
20 53
20 58
20 63
20 71
20 86
20 94
20 95
20 96
20 110
20 111
20 112
20 114
20 118
20 138
20 142
20 150
20 162
20 164
20 183
20 203
20 234
20 237
20 265
20 296
20 299
20 304
20 315
20 320
20 335
20 347
20 348
20 349
20 358
20 374
20 375
20 377
21 23
21 36
21 55
21 102
21 115
21 117
21 132
21 136
21 137
21 149
21 157
21 166
21 171
21 172
21 173
21 193
21 220
21 223
21 234
21 251
21 253
21 259
21 266
21 295
21 305
21 314
21 324
21 326
21 329
21 331
21 357
21 358
21 371
21 378
21 389
21 392
21 395
22 40
22 86
22 110
22 230
22 249
22 318
22 354
22 388
23 24
23 26
23 49
23 53
23 60
23 93
23 100
23 115
23 173
23 186
23 193
23 195
23 203
23 220
23 222
23 326
23 346
23 355
23 378
23 382
23 389
23 391
23 395
23 399
24 53
24 203
24 222
25 28
25 33
25 51
25 72
25 73
25 74
25 117
25 151
25 193
25 220
25 247
25 249
25 274
25 281
25 299
25 340
25 377
25 389
25 391
25 395
26 27
26 108
26 172
26 221
26 261
26 277
26 292
26 295
26 314
26 325
27 40
27 108
27 249
27 295
27 298
28 57
28 72
28 101
28 109
28 157
28 299
28 359
29 34
29 46
29 48
29 55
29 61
29 71
29 73
29 79
29 84
29 100
29 102
29 130
29 131
29 137
29 143
29 153
29 155
29 170
29 171
29 182
29 183
29 187
29 189
29 227
29 246
29 254
29 269
29 290
29 295
29 310
29 317
29 320
29 325
29 331
29 356
29 366
29 370
29 374
30 371
31 80
31 155
31 342
32 42
32 58
32 183
32 192
32 193
32 382
33 97
33 117
33 195
33 235
33 293
33 350
33 378
34 389
34 395
35 45
35 46
35 48
35 55
35 62
35 74
35 75
35 79
35 98
35 102
35 171
35 173
35 178
35 193
35 195
35 220
35 244
35 249
35 259
35 271
35 279
35 316
35 319
35 355
35 356
35 368
35 382
35 391
35 395
35 397
36 55
36 149
36 312
37 53
37 67
37 74
37 86
37 93
37 99
37 100
37 110
37 118
37 132
37 180
37 181
37 223
37 244
37 274
37 335
37 348
37 358
37 377
38 41
38 65
38 118
38 132
38 162
38 180
38 186
38 293
38 351
38 358
39 104
39 114
39 203
39 317
39 349
39 366
40 48
40 64
40 74
40 75
40 84
40 89
40 95
40 108
40 125
40 163
40 200
40 227
40 230
40 249
40 276
40 318
40 346
40 348
40 356
41 94
41 150
41 186
41 249
42 78
42 203
42 397
43 91
43 98
43 100
43 105
43 110
43 126
43 132
43 141
43 142
43 149
43 165
43 170
43 173
43 176
43 182
43 186
43 189
43 213
43 237
43 249
43 267
43 275
43 283
43 300
43 314
43 345
43 346
43 347
43 350
43 371
43 376
43 377
43 382
43 389
43 391
43 399
43 400
44 66
44 89
44 245
45 92
45 98
45 235
45 391
46 52
46 130
46 319
46 376
47 113
47 122
47 226
48 69
48 74
48 98
48 131
48 238
48 253
48 319
48 347
48 354
48 356
48 368
48 391
49 62
49 79
49 108
49 139
49 193
49 220
50 89
50 109
50 135
50 145
50 193
50 194
50 307
50 370
50 372
50 382
51 58
51 85
51 193
51 295
51 377
51 382
51 389
52 53
52 376
53 54
53 61
53 64
53 65
53 73
53 83
53 86
53 110
53 111
53 112
53 118
53 128
53 132
53 138
53 162
53 167
53 180
53 200
53 203
53 204
53 208
53 218
53 229
53 234
53 296
53 308
53 326
53 358
53 376
54 61
54 73
54 76
54 86
54 87
54 88
54 110
54 146
54 167
54 204
54 207
54 355
54 358
54 375
54 389
55 90
55 102
55 115
55 134
55 137
55 143
55 157
55 167
55 171
55 184
55 195
55 227
55 244
55 272
55 319
55 358
55 391
55 395
56 67
56 68
56 71
56 90
56 118
56 127
56 161
56 198
56 209
56 219
56 237
56 244
56 260
56 261
56 272
56 286
56 293
56 300
56 325
56 358
56 371
56 379
56 389
56 394
56 395
56 400
57 301
57 346
57 359
57 399
58 96
58 145
58 183
58 193
58 195
58 198
58 272
58 290
58 304
58 331
58 350
58 377
58 378
58 382
58 395
59 71
59 210
60 124
60 160
60 212
61 130
61 193
61 220
61 358
62 71
62 79
62 139
62 172
62 279
62 320
62 380
62 384
63 335
64 147
64 200
65 77
65 270
65 351
65 358
66 250
67 93
67 370
68 389
70 181
71 260
71 261
71 320
71 380
71 384
72 101
72 116
72 132
72 180
72 205
72 354
72 378
74 249
74 274
74 389
75 84
75 125
75 261
75 382
75 391
76 82
76 106
76 129
76 141
76 146
76 148
76 174
76 220
76 261
76 308
76 336
76 395
77 209
78 397
79 190
79 293
79 348
79 391
80 119
80 155
80 396
81 103
82 106
82 311
82 391
83 154
84 249
84 276
85 89
85 398
86 100
86 110
86 112
86 120
86 128
86 225
86 229
86 242
86 272
86 296
86 301
86 340
86 355
86 358
86 375
86 378
86 389
86 395
87 164
87 176
87 343
89 95
89 135
89 156
89 249
89 372
90 102
90 109
90 148
90 184
90 239
90 249
90 259
90 266
90 269
90 280
90 289
90 293
90 306
90 320
90 329
90 389
92 107
92 241
92 243
92 253
92 351
94 138
94 150
94 294
95 206
95 249
95 265
95 348
96 133
96 173
96 193
98 340
98 358
99 100
99 217
100 163
100 179
100 189
100 242
101 121
101 341
101 351
101 363
102 134
102 259
102 395
103 123
103 173
103 302
103 314
104 197
104 317
105 126
105 159
105 220
106 148
106 311
108 251
108 295
109 135
109 395
110 118
110 138
110 172
110 176
110 193
110 195
110 204
110 218
110 220
110 229
110 244
110 358
110 374
110 378
110 382
110 391
112 225
112 296
112 301
113 158
113 239
114 199
115 136
115 157
115 232
116 168
116 328
117 151
117 214
118 351
119 224
119 332
120 163
121 144
121 261
121 314
121 363
122 395
123 169
124 248
126 142
127 132
127 157
127 219
127 227
127 242
127 260
127 261
127 272
127 300
127 341
127 378
127 391
129 141
130 258
131 253
132 180
132 272
133 188
133 352
133 361
134 190
134 201
134 347
134 358
134 373
134 389
134 395
135 205
136 140
136 165
137 143
137 291
139 215
139 220
139 262
139 285
139 389
140 161
140 165
141 213
141 249
142 237
145 198
145 372
146 216
146 358
147 293
148 174
148 306
148 308
149 189
149 389
150 186
150 267
150 278
150 358
151 196
151 204
151 218
151 358
151 378
152 236
152 320
153 271
153 292
153 389
155 185
155 187
155 211
155 357
156 229
156 295
157 184
157 227
158 235
159 177
159 303
160 175
160 347
160 378
161 394
164 229
166 234
166 305
170 182
170 255
172 178
172 358
173 302
173 345
176 257
178 243
178 378
178 391
178 395
179 256
179 388
180 202
180 213
180 391
182 358
183 191
183 192
183 193
183 220
183 229
183 249
183 263
183 290
183 304
183 350
183 378
184 339
185 367
186 337
186 358
186 399
188 313
189 223
189 283
189 358
193 195
193 220
193 319
193 377
193 378
193 382
193 395
194 249
194 280
194 297
194 358
194 389
194 395
197 244
197 281
197 370
198 389
201 233
202 213
202 235
202 392
203 249
203 297
203 378
204 218
207 208
207 243
207 299
208 220
209 273
209 391
210 358
211 381
212 231
212 288
213 235
213 358
213 392
214 341
215 285
216 246
218 228
218 247
218 324
222 323
222 350
224 264
225 301
225 389
226 277
227 249
228 324
231 265
231 353
235 309
237 260
237 261
237 275
238 240
239 252
239 290
242 300
243 330
244 358
244 391
246 334
246 336
247 281
248 254
249 262
249 289
249 290
249 298
249 304
249 331
249 348
249 358
249 391
251 266
251 387
256 284
256 377
260 261
260 272
260 314
260 316
261 295
261 300
261 314
261 325
264 358
265 269
265 315
265 327
268 282
268 287
268 310
269 315
272 300
273 387
274 344
274 355
278 390
279 319
280 355
280 358
281 295
282 310
285 358
288 330
290 331
291 354
292 295
293 341
293 351
296 338
299 359
300 322
301 356
302 400
303 371
306 308
308 321
309 329
311 347
311 379
312 358
314 358
315 364
316 391
317 374
319 391
320 384
328 358
329 362
329 378
329 389
333 378
334 346
339 358
341 360
343 383
347 395
351 358
351 363
352 365
354 356
365 369
366 370
366 385
371 391
378 382
380 393
381 395
382 391
385 386
