0 1
0 2
0 3
0 4
0 5
0 6
0 7
0 8
0 9
0 10
0 11
0 12
0 13
0 14
0 15
0 16
0 17
0 18
0 19
0 20
0 21
0 22
0 23
0 24
0 25
0 26
0 27
0 28
0 29
0 30
0 31
0 32
0 33
0 34
0 35
0 36
0 37
0 38
0 39
0 40
0 41
0 42
0 43
0 44
0 45
0 46
0 47
0 48
0 49
0 50
1 3
1 9
1 12
1 21
1 23
1 25
1 26
1 31
1 33
1 34
1 35
1 36
1 43
1 50
2 4
2 8
2 12
2 13
2 14
2 16
2 20
2 21
2 22
2 23
2 24
2 26
2 27
2 28
2 29
2 30
2 31
2 33
2 36
2 37
2 38
2 39
2 40
2 42
2 43
2 44
2 45
2 46
2 47
2 48
2 49
2 50
3 7
3 10
3 11
3 13
3 19
3 20
3 21
3 23
3 26
3 27
3 29
3 32
3 34
3 37
3 38
3 39
3 40
3 41
3 42
3 43
3 44
3 45
3 46
3 47
3 48
3 49
4 35
4 40
4 48
5 6
5 13
5 15
5 17
5 18
5 25
5 29
5 30
5 32
5 33
5 38
5 39
5 40
5 41
5 43
5 45
5 46
5 47
5 48
5 49
6 8
6 19
6 20
6 37
6 38
6 41
8 20
9 19
9 35
9 37
9 40
10 11
10 12
10 19
10 21
10 23
10 26
10 32
10 37
11 14
11 33
11 34
11 38
12 13
12 16
12 18
12 20
12 21
12 23
12 25
12 26
12 31
12 32
12 33
12 39
12 42
12 44
12 48
12 50
13 17
13 22
13 23
13 26
13 27
13 34
13 40
13 45
13 47
13 49
14 22
14 35
14 45
15 29
15 43
16 50
18 25
18 39
19 21
19 23
19 24
19 26
19 28
19 34
19 35
20 21
20 41
20 47
21 23
21 36
22 40
23 24
23 26
23 49
25 28
25 33
26 27
27 40
29 34
29 46
29 48
32 42
35 45
35 46
35 48
38 41
40 48
